1079242361491693658
1026584191317590027
774234881043070986
682192754247204892
790374236946432071
961365438430847018
412379990017966093
898548491205361695
753029976474779760
729884109618282547
802528510719164451
1079168149968142337
979525694566576169
705923273879453708
752917886397317191
643550424695308289
910282485450031145
430929931728453632
335611203587932162
346322759128973312
719700814268072006
810740910878621706
673063941995495454
474603752620556289
636677091923853312
492452107417288729
704025969018798152
798987047489765389
572006460930785282
583306636475629617
724822782168268830
977271156878999583
1079686682053451816
239828822692855809
506981353099886603
960011706199838762
830154922523230218
835042900802797569
567323075285090338
1074790112795312279
401849772157435905
804245390642642965
918366289079173141
932062731513786429
479515549496508416
1065511656853082214
377669707571920898
145938875708080138
514527464018542602
730386910270324788
185408652641959936
862812372866302003
386940319666667521
770396209880760360
1035562561862631475
739120120999313469
784487927358554202
997254567303594125
787607620617764864
586399835629027338
849499285251031082
864266698299408384
541998499441672192
679738053736005709
498752571381645354
648237785051824130
428986435903684620
354399059315785729
350813156760879118
626541650789007361
394615069474029588
600550498088517634
692644367222964255
648729308155871261
582200433582276616
901518190264348762
252487934597398528
897301190298177597
1080371137013350490
945403637419638905
545711893822701578
793185636223025172
957123824346857564
964675136395563008
829853860289970236
672224625048158233
